State seed;126;Test seed;0
Test_Count;Random100;Consecutive100
1;0.666667;0
11;0.181818;0.0909091
21;0.111111;0.0634921
31;0.0967742;0.0537634
41;0.0731707;0.0650406
51;0.0784314;0.0588235
61;0.0928962;0.0546448
71;0.0798122;0.0516432
81;0.0781893;0.0534979
91;0.0769231;0.0549451
101;0.0726073;0.0528053
111;0.0690691;0.0540541
121;0.0633609;0.0523416
131;0.0610687;0.0483461
141;0.0591017;0.0520095
151;0.0551876;0.0507726
161;0.0538302;0.047619
171;0.0506823;0.0448343
181;0.0497238;0.0423573
191;0.0506108;0.04363
201;0.0497512;0.0464345
211;0.0489731;0.0442338
221;0.0497738;0.0437406
231;0.050505;0.041847
241;0.0497925;0.0414938
251;0.0504648;0.0398406
261;0.0510856;0.0395913
271;0.0492005;0.0381304
281;0.0486358;0.0391459
291;0.0515464;0.0378007
301;0.0509413;0.0398671
311;0.0525188;0.0407288
321;0.0508827;0.03946
331;0.0513595;0.0392749
341;0.0498534;0.0381232
351;0.0503324;0.0379867
361;0.0517082;0.0378578
371;0.0521114;0.0377358
381;0.0542432;0.0367454
391;0.054561;0.0358056
401;0.0540316;0.035744
411;0.05515;0.0364963
421;0.0546318;0.0364212
431;0.0541377;0.037123
441;0.0529101;0.0385488
451;0.0517369;0.0391722
461;0.0527838;0.0397686
471;0.0523708;0.0389243
481;0.0512821;0.038808
491;0.0515954;0.0386965
501;0.0518962;0.0385895
511;0.0521853;0.0378343
521;0.0511836;0.0377479
531;0.0514752;0.037037
541;0.0511399;0.0369686
551;0.0508167;0.0369026
561;0.0510992;0.0374332
571;0.0519556;0.0373614
581;0.0516351;0.037292
591;0.0507614;0.0377891
601;0.0515807;0.0382695
611;0.0518276;0.0381888
621;0.0520666;0.0381106
631;0.0533545;0.0380349
641;0.0535621;0.0379615
651;0.0542755;0.0389145
661;0.0539586;0.0393343
671;0.0536513;0.0392449
681;0.0553108;0.0396476
691;0.0554752;0.0395562
701;0.0551593;0.0394674
711;0.0543835;0.03985
721;0.0536292;0.0402219
731;0.0533516;0.0405837
741;0.0530814;0.0404858
751;0.0523746;0.0408344
761;0.0530004;0.0407359
771;0.0527454;0.0406399
781;0.0529236;0.0409731
791;0.0535187;0.0408765
801;0.0532667;0.0411985
811;0.053432;0.0411015
821;0.0531872;0.0410069
831;0.0533494;0.0413157
841;0.052715;0.0416171
851;0.0524873;0.0411281
861;0.0522648;0.0414247
871;0.0524302;0.0413318
881;0.0529701;0.041241
891;0.0527497;0.0415264
901;0.0529042;0.0410655
911;0.0530553;0.0406147
921;0.053203;0.0405357
931;0.0533477;0.0408163
941;0.053135;0.041091
951;0.0529267;0.0417105
961;0.0530697;0.0412764
971;0.0525232;0.0411946
981;0.0526673;0.0407747
991;0.0524723;0.041036
1001;0.0529471;0.040626
1011;0.0534125;0.0405539
1021;0.0538688;0.0401567
1031;0.0539929;0.0400905
1041;0.0534742;0.0403458
1051;0.0532826;0.0405963
1061;0.0537229;0.0402136
1071;0.0535325;0.0404606
1081;0.0533457;0.0407031
1091;0.0531622;0.0406355
1101;0.0529821;0.0411747
1111;0.0534053;0.0408041
1121;0.0535236;0.0404401
1131;0.0533451;0.0403772
1141;0.0531697;0.0400234
1151;0.0529974;0.0408341
1161;0.0531151;0.0413437
1171;0.0532309;0.0409906
1181;0.0536269;0.0406435
1191;0.0531766;0.0403023
1201;0.0530114;0.0402442
1211;0.0528489;0.0401872
1221;0.0524161;0.040677
1231;0.0525318;0.0403466
1241;0.0521085;0.0400215
1251;0.0524913;0.039968
1261;0.0523394;0.0404441
1271;0.0521899;0.0401259
1281;0.0525631;0.0400729
1291;0.0526723;0.0400207
1301;0.0522675;0.0399693
1311;0.0523773;0.0396644
1321;0.0527378;0.0393641
1331;0.052592;0.0395692
1341;0.052697;0.0397713
1351;0.0525537;0.0402171
1361;0.0521675;0.0401665
1371;0.0527595;0.0401167
1381;0.053343;0.040309
1391;0.0534388;0.0400192
1401;0.0532953;0.0399714
1411;0.0540987;0.0401606
1421;0.0546563;0.039878
1431;0.0542744;0.0400652
1441;0.0543604;0.0404811
1451;0.0546749;0.0411211
1461;0.054757;0.0410678
1471;0.0543848;0.0410152
1481;0.0540176;0.0411884
1491;0.0538788;0.0415828
1501;0.0541861;0.0417499
1511;0.0538275;0.0414736
1521;0.0536927;0.041201
1531;0.0535598;0.0409319
1541;0.0536448;0.0413152
1551;0.0532989;0.0414786
1561;0.053171;0.0414264
1571;0.0538935;0.0411627
1581;0.0537634;0.0411132
1591;0.053635;0.0412738
1601;0.0533;0.0414324
1611;0.0535899;0.0413822
1621;0.0534649;0.0413325
1631;0.0535459;0.0410791
1641;0.0534227;0.041235
1651;0.053301;0.0411872
1661;0.0531808;0.0413406
1671;0.053062;0.0412926
1681;0.0527464;0.041047
1691;0.0526316;0.0408043
1701;0.0525181;0.0407603
1711;0.0526008;0.0411066
1721;0.0526825;0.0418361
1731;0.0523782;0.041787
1741;0.0522688;0.041547
1751;0.0525414;0.0413097
1761;0.052243;0.0410751
1771;0.0521363;0.0414079
1781;0.0518435;0.0411754
1791;0.0515541;0.0415038
1801;0.0514529;0.0416435
1811;0.051721;0.0415976
1821;0.05162;0.0419184
1831;0.0513381;0.0418715
1841;0.0512403;0.0420062
1851;0.0511435;0.0417792
1861;0.0510478;0.0419129
1871;0.0513095;0.0416889
1881;0.0517455;0.0418217
1891;0.052177;0.0416006
1901;0.0522532;0.0413817
1911;0.0519798;0.0413396
1921;0.0520562;0.041645
1931;0.0517866;0.0416019
1941;0.0515198;0.0417311
1951;0.0512558;0.0420297
1961;0.0509944;0.0419854
1971;0.0510739;0.0419415
1981;0.0511526;0.0420663
1991;0.0508957;0.0420224
2001;0.0508079;0.0418124
2011;0.0512183;0.0417703
2021;0.0511298;0.0418935
2031;0.0512063;0.0416872
2041;0.0511187;0.0416462
2051;0.0511945;0.0417682
2061;0.0512696;0.0415656
2071;0.0515049;0.0418477
2081;0.0512574;0.0416466
2091;0.0510123;0.0416069
2101;0.0515627;0.0418848
2111;0.0519501;0.0418443
2121;0.0520195;0.0421185
2131;0.0519318;0.0420773
2141;0.0521563;0.0423478
2151;0.0522238;0.0423059
2161;0.0522906;0.0424186
2171;0.0525104;0.0425303
2181;0.0524224;0.0423353
2191;0.0523353;0.0421421
2201;0.0525519;0.0419506
2211;0.0524649;0.0422132
2221;0.052679;0.0420231
2231;0.0530405;0.0419842
2241;0.0528038;0.0417968
2251;0.0530135;0.0419073
2261;0.0529264;0.0418694
2271;0.0528402;0.0421253
2281;0.0527546;0.0419407
2291;0.0529609;0.0421941
2301;0.0530204;0.0421556
2311;0.052791;0.0419732
2321;0.0528508;0.0422232
2331;0.0526241;0.042471
2341;0.052684;0.0425744
2351;0.0527435;0.0426769
2361;0.0528025;0.0429197
2371;0.052861;0.0431604
2381;0.0527789;0.0433991
2391;0.0525582;0.043357
2401;0.0523393;0.0435929
2411;0.0522605;0.0438269
2421;0.0521823;0.0439212
2431;0.0519676;0.0440148
2441;0.0521644;0.0442442
2451;0.0522236;0.0443356
2461;0.0521468;0.0444264
2471;0.0519358;0.0443815
2481;0.0519952;0.0444713
2491;0.0519202;0.0442928
2501;0.0517126;0.0441157
2511;0.0516395;0.0440727
2521;0.0518313;0.0438979
2531;0.0518899;0.0437245
2541;0.0518169;0.0436836
2551;0.0518751;0.0435123
2561;0.0519328;0.0433424
2571;0.0519901;0.0433035
2581;0.052047;0.0431357
2591;0.0521034;0.0430979
2601;0.0520313;0.0433167
2611;0.051832;0.0436614
2621;0.0517614;0.043622
2631;0.0519448;0.0434562
2641;0.0520005;0.0434179
2651;0.0519301;0.0435056
2661;0.0521107;0.0434674
2671;0.0519156;0.0434294
2681;0.052095;0.0437648
2691;0.0520253;0.0438499
2701;0.0519561;0.0439343
2711;0.0521333;0.0438952
2721;0.0523092;0.0438564
2731;0.0521177;0.0439399
2741;0.0520491;0.0441445
2751;0.0518599;0.0441052
2761;0.0517928;0.0440662
2771;0.0517262;0.0440274
2781;0.0516601;0.0442287
2791;0.0515944;0.0440702
2801;0.0514102;0.0441509
2811;0.0515831;0.0441124
2821;0.0516365;0.0440742
2831;0.0515719;0.0445072
2841;0.051625;0.0445852
2851;0.0517947;0.0447796
2861;0.0517302;0.0448561
2871;0.05155;0.0446999
2881;0.0517182;0.0448918
2891;0.0515393;0.0447365
2901;0.0514765;0.0448121
2911;0.0515287;0.0447727
2921;0.0515805;0.0449618
2931;0.0514045;0.0449221
2941;0.0517964;0.0452227
2951;0.0517339;0.0452954
2961;0.0518969;0.0454801
2971;0.0518344;0.0454392
2981;0.0518842;0.0453986
2991;0.0517107;0.0454697
3001;0.0517605;0.0453182
3011;0.0516993;0.0451677
3021;0.0515282;0.0452389
3031;0.0514682;0.0451996
3041;0.0512989;0.0457086
3051;0.0513493;0.0457773
3061;0.0512904;0.0456278
3071;0.051449;0.0454792
3081;0.0513902;0.045548
3091;0.0514397;0.0454006
3101;0.0513813;0.0454692
3111;0.0512161;0.0455373
3121;0.0511588;0.0457118
3131;0.0511019;0.0456723
3141;0.0509392;0.0458453
3151;0.0507775;0.0460171
3161;0.0509332;0.045977
3171;0.0508777;0.0459371
3181;0.0508226;0.0457927
3191;0.0508722;0.0457537
3201;0.0509216;0.0459232
3211;0.0508668;0.0457801
3221;0.0508124;0.0457415
3231;0.0509646;0.0459094
3241;0.0508074;0.0459735
3251;0.0509587;0.0460371
3261;0.0510068;0.0461004
3271;0.0509528;0.0459594
3281;0.0510007;0.0458194
3291;0.0512509;0.0457814
3301;0.0512976;0.0457437
3311;0.051344;0.0458069
3321;0.0513901;0.0457693
3331;0.0512359;0.0456319
3341;0.0510825;0.0454954
3351;0.0510295;0.0455585
3361;0.0509769;0.0457205
3371;0.0509246;0.0455849
3381;0.0508725;0.0455487
3391;0.0507225;0.0454143
3401;0.0508674;0.0453788
3411;0.050816;0.0452458
3421;0.0508623;0.0451135
3431;0.0509084;0.0452735
3441;0.0508573;0.0451419
3451;0.0509031;0.0450111
3461;0.050756;0.0448811
3471;0.0508979;0.0451359
3481;0.0508475;0.045102
3491;0.0509883;0.0451638
3501;0.0509378;0.0452252
3511;0.0507927;0.0450964
3521;0.0507432;0.0452523
3531;0.0507883;0.0452185
3541;0.0510214;0.045185
3551;0.0508777;0.0452455
3561;0.0508284;0.0453056
3571;0.0509661;0.0451788
3581;0.0509169;0.0450526
3591;0.0510536;0.04502
3601;0.0511895;0.0449875
3611;0.0512323;0.0449552
3621;0.0511829;0.0448311
3631;0.0511338;0.0448912
3641;0.0510849;0.0447679
3651;0.0511275;0.0447366
3661;0.051261;0.0446144
3671;0.0512122;0.0445837
3681;0.0511636;0.0445531
3691;0.0512056;0.044613
3701;0.0513375;0.0446726
3711;0.051289;0.0446421
3721;0.0513303;0.0446117
3731;0.0512821;0.0448495
3741;0.0512341;0.0449078
3751;0.0510975;0.0449658
3761;0.0514048;0.0449349
3771;0.0512685;0.0449925
3781;0.051221;0.0450498
3791;0.0511738;0.0451948
3801;0.0512146;0.0452513
3811;0.0511677;0.0453949
3821;0.051121;0.0454506
3831;0.0511616;0.045506
3841;0.0510284;0.045561
3851;0.0509824;0.0455293
3861;0.0510231;0.0456704
3871;0.0509773;0.0457246
3881;0.0509319;0.0457786
3891;0.050801;0.0456609
3901;0.0508417;0.0457148
3911;0.0507969;0.0458536
3921;0.0509224;0.0458216
3931;0.0507928;0.0457899
3941;0.0507485;0.0457583
3951;0.0506201;0.0458112
3961;0.0504923;0.0458638
3971;0.050617;0.0457483
3981;0.0506573;0.0458009
3991;0.0506974;0.0458532
4001;0.050654;0.0458219
4011;0.0505277;0.045957
4021;0.050485;0.0459256
4031;0.0503597;0.0460597
4041;0.050565;0.0460282
4051;0.0508516;0.0459146
4061;0.0508906;0.0458015
4071;0.0508475;0.0458528
4081;0.0508862;0.0457404
4091;0.0508433;0.0458731
4101;0.0508819;0.0458425
4111;0.0509203;0.045731
4121;0.0508776;0.0457009
4131;0.0510772;0.0456709
4141;0.0509539;0.0458021
4151;0.0509917;0.0458524
4161;0.0511095;0.0457422
4171;0.0513066;0.0457125
4181;0.0511839;0.045922
4191;0.0511413;0.0459715
4201;0.0510196;0.0458621
4211;0.0510568;0.0459907
4221;0.0510937;0.0458817
4231;0.0511305;0.045852
4241;0.0510886;0.0459011
4251;0.0511252;0.0458716
4261;0.0510052;0.0458421
4271;0.0509639;0.0458128
4281;0.0509227;0.0459394
4291;0.0510371;0.0458324
4301;0.0509184;0.0458033
4311;0.0510322;0.0457744
4321;0.0510684;0.0456684
4331;0.0510275;0.04564
4341;0.0510635;0.0456116
4351;0.0510228;0.0455068
4361;0.0509822;0.0455553
4371;0.0510943;0.0454511
4381;0.0509777;0.0454234
4391;0.0509375;0.04532
4401;0.0509733;0.0452927
4411;0.0508577;0.0454168
4421;0.0507427;0.0453894
4431;0.0506281;0.045287
4441;0.0506643;0.0453351
4451;0.0506253;0.0453831
4461;0.050736;0.0453561
4471;0.0506225;0.0454037
4481;0.0507327;0.0453024
4491;0.0506198;0.04535
4501;0.0505814;0.0453973
4511;0.0505431;0.0453706
4521;0.050505;0.0454914
4531;0.0503936;0.045391
4541;0.0502826;0.0455847
4551;0.0503186;0.0457775
4561;0.0503545;0.0457502
4571;0.0503901;0.045796
4581;0.0503529;0.045987
4591;0.0503158;0.0460321
4601;0.0504963;0.0460769
4611;0.050459;0.0461216
4621;0.050422;0.0461661
4631;0.0504571;0.0462823
4641;0.0504202;0.0461826
4651;0.0505268;0.0461549
4661;0.0506329;0.046199
4671;0.0506672;0.0461
4681;0.0506302;0.0460016
4691;0.0505223;0.0461167
4701;0.0504857;0.0460186
4711;0.0503785;0.0460624
4721;0.0503424;0.0460354
4731;0.0503769;0.0460086
4741;0.0504113;0.0461225
4751;0.0503052;0.0462359
4761;0.0501995;0.0463488
4771;0.0503738;0.0463914
4781;0.0503381;0.0463641
4791;0.0502331;0.0462673
4801;0.0501979;0.0461709
4811;0.0500935;0.0461443
4821;0.0501279;0.0461868
4831;0.0500931;0.0462982
4841;0.0502651;0.0462714
4851;0.0502989;0.0463822
4861;0.0501954;0.0464239
4871;0.0502977;0.046397
4881;0.0502629;0.0464386
4891;0.0502283;0.0464799
4901;0.0502618;0.0465891
4911;0.0503631;0.0466979
4921;0.0502608;0.0468062
4931;0.0502941;0.0467789
4941;0.0501923;0.0467517
4951;0.0502255;0.0467246
4961;0.0503259;0.0466976
4971;0.0502917;0.0467377
4981;0.0501907;0.0467778
4991;0.050157;0.0470848
5001;0.0500567;0.0470573
5011;0.0500233;0.0469633
5021;0.0500564;0.0470026
5031;0.0500894;0.0469754
5041;0.0500562;0.0470806
5051;0.0500231;0.0470534
5061;0.0499901;0.0470921
5071;0.0499573;0.0472622
5081;0.0500558;0.0473004
5091;0.0500884;0.0473384
5101;0.0501209;0.0473763
5111;0.050088;0.0473489
5121;0.0501204;0.0472564
5131;0.0501527;0.0473592
5141;0.05012;0.0473967
5151;0.0502168;0.0473694
5161;0.0501195;0.0472777
5171;0.0502159;0.0473152
5181;0.0501834;0.0472882
5191;0.0502151;0.0472613
5201;0.0501186;0.0471704
5211;0.0500224;0.0471439
5221;0.0500543;0.0472451
5231;0.0499586;0.0472822
5241;0.0499905;0.0472556
5251;0.0499587;0.0472291
5261;0.0499271;0.0473294
5271;0.0498957;0.0475558
5281;0.0498643;0.047592
5291;0.0498961;0.047565
5301;0.0498648;0.0475382
5311;0.0498964;0.0475115
5321;0.0498027;0.0476101
5331;0.0497718;0.0476458
5341;0.049741;0.0475566
5351;0.049648;0.0474678
5361;0.0496798;0.0474414
5371;0.0496494;0.0475393
5381;0.049619;0.0475748
5391;0.0495888;0.0477957
5401;0.0496204;0.0477072
5411;0.0495287;0.047619
5421;0.0494989;0.0476542
5431;0.0494077;0.0477506
5441;0.049562;0.0477853
5451;0.0495933;0.0478811
5461;0.0496856;0.0477934
5471;0.0496558;0.0478279
5481;0.0496868;0.0479839
5491;0.0497177;0.0479573
5501;0.0497485;0.0480519
5511;0.0497187;0.0481461
5521;0.0497494;0.0481193
5531;0.0498403;0.0481528
5541;0.0498105;0.0481261
5551;0.0498409;0.0480394
5561;0.0498711;0.047953
5571;0.0498414;0.0481063
5581;0.0498119;0.0481395
5591;0.0497228;0.0482323
5601;0.0496935;0.0482652
5611;0.0498426;0.048298
5621;0.0498132;0.0482121
5631;0.0499023;0.048304
5641;0.0498729;0.0483366
5651;0.0499027;0.048369
5661;0.0498734;0.0485191
5671;0.0498442;0.0485511
5681;0.0499325;0.0485243
5691;0.0499034;0.0484976
5701;0.0499328;0.048471
5711;0.0498453;0.0484445
5721;0.0498165;0.0484764
5731;0.0497295;0.0484499
5741;0.049759;0.0484236
5751;0.0499044;0.0485133
5761;0.0499335;0.0484291
5771;0.0499047;0.0484607
5781;0.0498184;0.0483769
5791;0.0497899;0.0485236
5801;0.0497615;0.0484399
5811;0.0497906;0.0485287
5821;0.0497624;0.0485598
5831;0.0497342;0.0485909
5841;0.0497632;0.0485647
5851;0.0496781;0.0485387
5861;0.0497071;0.0485128
5871;0.0496792;0.0486005
5881;0.0497648;0.0485745
5891;0.0497369;0.0485486
5901;0.0497656;0.0485228
5911;0.0497378;0.0485535
5921;0.0498227;0.0485278
5931;0.0497387;0.0485022
5941;0.0498233;0.0484767
5951;0.0499636;0.0485073
5961;0.0499916;0.0484259
5971;0.0500195;0.0484564
5981;0.0500474;0.0484311
5991;0.0499638;0.0483503
6001;0.0500472;0.0483253
6011;0.049964;0.0483558
6021;0.0499917;0.0483862
6031;0.0500193;0.048306
6041;0.0499917;0.0482812
6051;0.0500744;0.0482014
6061;0.0499917;0.0482869
6071;0.0499094;0.0482622
6081;0.0498821;0.0482377
6091;0.049855;0.0482679
6101;0.0498825;0.0483527
6111;0.0498555;0.0482736
6121;0.0498829;0.0482492
6131;0.0499103;0.0482249
6141;0.049829;0.0482549
6151;0.0498564;0.048339
6161;0.0498837;0.0483147
6171;0.0499649;0.0483444
6181;0.0500458;0.0484819
6191;0.049965;0.0485113
6201;0.0499382;0.0485406
6211;0.0500188;0.0484624
6221;0.049992;0.0484381
6231;0.0500187;0.0484138
6241;0.049992;0.0483897
6251;0.050072;0.0483656
6261;0.049992;0.0483416
6271;0.0499123;0.0483708
6281;0.0498859;0.0482938
6291;0.0498596;0.04827
6301;0.0499392;0.048405
6311;0.0500185;0.0483811
6321;0.0499921;0.0483046
6331;0.0499658;0.0482809
6341;0.0500973;0.0484151
6351;0.0501758;0.0483913
6361;0.0503066;0.0484201
6371;0.0502276;0.0484487
6381;0.0502011;0.0484773
6391;0.0502269;0.0484014
6401;0.0502005;0.0484299
6411;0.0501222;0.0484584
6421;0.0500441;0.0484348
6431;0.0501736;0.0483595
6441;0.0500957;0.0483879
6451;0.0500698;0.0484679
6461;0.0500954;0.0484961
6471;0.0501211;0.0484212
6481;0.0500437;0.0483464
6491;0.0499666;0.048272
6501;0.0498898;0.048249
6511;0.0498131;0.0482261
6521;0.0497367;0.0481521
6531;0.0498137;0.0481805
6541;0.0498904;0.0482087
6551;0.0498143;0.048186
6561;0.0497384;0.0481634
6571;0.0497134;0.0482423
6581;0.0496885;0.0482703
6591;0.0496637;0.0482982
6601;0.0495884;0.0482755
6611;0.0496647;0.0483033
6621;0.0496904;0.0482807
6631;0.0496657;0.0483084
6641;0.0495909;0.0484365
6651;0.0496166;0.0485641
6661;0.0495421;0.0485913
6671;0.0494678;0.0485684
6681;0.0493938;0.0485955
6691;0.0494694;0.0486723
6701;0.0493956;0.0486495
6711;0.0495207;0.048726
6721;0.0494966;0.0487527
6731;0.0494231;0.0487298
6741;0.0494981;0.0487564
6751;0.0494248;0.0488816
6761;0.0494503;0.0490066
6771;0.0494265;0.0489342
6781;0.0494027;0.0489603
6791;0.0494282;0.0490355
6801;0.0494045;0.0490614
6811;0.0493809;0.0490383
6821;0.0493574;0.0489664
6831;0.0494315;0.0489435
6841;0.0494567;0.048872
6851;0.0495305;0.0488493
6861;0.0494583;0.0488267
6871;0.0494348;0.0487556
6881;0.0494599;0.0488301
6891;0.0495332;0.0488076
6901;0.0495097;0.0488335
6911;0.0494381;0.0489075
6921;0.0495111;0.048885
6931;0.0495359;0.0488626
6941;0.0496086;0.0489363
6951;0.0495372;0.0490097
6961;0.049514;0.0490351
6971;0.0495386;0.0490604
6981;0.0495154;0.0490379
6991;0.0494445;0.0490631
7001;0.0495167;0.0490882
7011;0.0496363;0.0490182
7021;0.0496131;0.0489484
7031;0.0495899;0.0489262
7041;0.0495668;0.0489987
7051;0.0495438;0.0491183
7061;0.0495208;0.049096
7071;0.0494979;0.0490737
7081;0.0494751;0.0490044
7091;0.0494524;0.0489823
7101;0.0494297;0.0489602
7111;0.0493601;0.0489851
7121;0.0492908;0.04901
7131;0.0492685;0.0490347
7141;0.0492461;0.0490594
7151;0.0493171;0.0490374
7161;0.0492482;0.0490621
7171;0.0493655;0.0490401
7181;0.0493432;0.0490647
7191;0.0492746;0.0489964
7201;0.0492524;0.049021
7211;0.0492766;0.0489992
7221;0.0492083;0.0490237
7231;0.0493708;0.049002
7241;0.0493486;0.0489343
7251;0.0493265;0.0488668
7261;0.0493963;0.0489372
7271;0.0493284;0.0488699
7281;0.0493522;0.0490317
7291;0.0494217;0.0490102
7301;0.0494453;0.0489887
7311;0.0494232;0.0489217
7321;0.0494923;0.0488549
7331;0.0495158;0.0488337
7341;0.0494483;0.0487672
7351;0.0494264;0.0487462
7361;0.0494045;0.0488158
7371;0.0494279;0.0487948
7381;0.0494965;0.0487739
7391;0.0495648;0.0488432
7401;0.0495879;0.0488673
7411;0.0496109;0.0489812
7421;0.0495441;0.0489152
7431;0.0495223;0.0489391
7441;0.0494557;0.0489182
7451;0.0494788;0.0489867
7461;0.0494572;0.0491444
7471;0.0494802;0.0491233
7481;0.0495032;0.0492358
7491;0.0496151;0.0493481
7501;0.0495934;0.0494601
7511;0.0496605;0.0495717
7521;0.0495945;0.0495501
7531;0.0496171;0.0495729
7541;0.0495955;0.0495071
7551;0.049574;0.0495299
7561;0.0496407;0.0494644
7571;0.0497072;0.0495311
7581;0.0497296;0.0495537
7591;0.0497519;0.0495762
7601;0.0497303;0.0495549
7611;0.0497525;0.0494898
7621;0.049731;0.0495561
7631;0.0497095;0.0495348
7641;0.0497753;0.04947
7651;0.0497538;0.0494053
7661;0.0497759;0.0493843
7671;0.049711;0.0493634
7681;0.0497331;0.0493425
7691;0.0497118;0.0492784
7701;0.0497771;0.0492577
7711;0.0497558;0.0492802
7721;0.0497345;0.0493028
7731;0.0497564;0.0493252
7741;0.0499074;0.0492615
7751;0.049929;0.049241
7761;0.0499077;0.0492634
7771;0.0498863;0.0492858
7781;0.0498222;0.049351
7791;0.0498438;0.0492876
7801;0.0498227;0.0492672
7811;0.0497589;0.0492468
7821;0.0497379;0.0491838
7831;0.0496744;0.049121
7841;0.0497386;0.0490584
7851;0.0496752;0.0490808
7861;0.0496968;0.0490608
7871;0.0496337;0.0491255
7881;0.0495707;0.0491054
7891;0.0496346;0.0490855
7901;0.0496562;0.0491077
7911;0.0495934;0.0490456
7921;0.0495729;0.049152
7931;0.0495524;0.0492162
7941;0.04949;0.0493221
7951;0.0494697;0.0494277
7961;0.0494075;0.0494075
7971;0.049471;0.0493874
7981;0.0494925;0.0493255
7991;0.0494306;0.0493055
8001;0.0495355;0.0492438
8011;0.0495153;0.0492656
8021;0.0495366;0.0492042
8031;0.049558;0.0491844
8041;0.0495378;0.0491647
8051;0.0496005;0.0492278
8061;0.049663;0.0492081
8071;0.0497254;0.0491885
8081;0.0497051;0.0492513
8091;0.049726;0.0492317
8101;0.0498704;0.0491709
8111;0.0498911;0.0491103
8121;0.0498707;0.0491729
8131;0.0498504;0.0491944
8141;0.0498301;0.0492159
8151;0.0497689;0.0492373
8161;0.0497897;0.049177
8171;0.0498103;0.0492392
8181;0.0497902;0.0492605
8191;0.0498515;0.0492817
8201;0.0499126;0.0492623
8211;0.0498518;0.0492023
8221;0.0498317;0.049183
8231;0.0497712;0.0492042
8241;0.0498321;0.0493063
8251;0.0498525;0.049287
8261;0.0498729;0.0492676
8271;0.0498126;0.0494096
8281;0.0497524;0.0494304
8291;0.0497326;0.0494914
8301;0.0497932;0.0494318
8311;0.0497734;0.0494525
8321;0.0497136;0.0494732
8331;0.0497339;0.0496539
8341;0.0497143;0.0495944
8351;0.0496946;0.049535
8361;0.0496352;0.0496352
8371;0.0496556;0.0496157
8381;0.0496361;0.0495565
8391;0.0496564;0.0495372
8401;0.0495973;0.0495973
8411;0.0496572;0.0496572
8421;0.0496378;0.0496378
8431;0.049658;0.0497371
8441;0.0496782;0.0497176
8451;0.0496588;0.0497377
8461;0.0496789;0.0496789
8471;0.0497777;0.0497383
8481;0.049719;0.0497976
8491;0.0496997;0.0498175
8501;0.0496804;0.0497981
8511;0.0497004;0.0498962
8521;0.0496812;0.0498768
8531;0.049662;0.0499355
8541;0.0496429;0.0499551
8551;0.0497408;0.0500136
8561;0.0497216;0.0499552
8571;0.0497025;0.0498969
8581;0.0497223;0.0498776
8591;0.0497032;0.0498972
8601;0.0497617;0.0499554
8611;0.0497426;0.0499748
8621;0.0497235;0.0499942
8631;0.0497046;0.0500521
8641;0.049647;0.0501099
8651;0.0496282;0.0501676
8661;0.0495709;0.0501482
8671;0.0495906;0.0501672
8681;0.0495335;0.0501478
8691;0.0495532;0.0501668
8701;0.0495345;0.0501475
8711;0.0495159;0.0500899
8721;0.0494592;0.0501472
8731;0.0495552;0.0501279
8741;0.0495748;0.0501468
8751;0.0495181;0.0501276
8761;0.0494997;0.0501845
8771;0.0494812;0.0501653
8781;0.0494629;0.0501841
8791;0.0495203;0.0502408
8801;0.049502;0.0502216
8811;0.0494836;0.0502781
8821;0.0494275;0.0502589
8831;0.049447;0.0502397
8841;0.0493911;0.050296
8851;0.0494859;0.0503145
8861;0.0495806;0.0503329
8871;0.0495998;0.0502762
8881;0.0496566;0.0502946
8891;0.0496382;0.0502756
8901;0.0496948;0.0502191
8911;0.049639;0.0501627
8921;0.0496207;0.0501065
8931;0.0496025;0.0500877
8941;0.0495843;0.050069
8951;0.0495289;0.0500875
8961;0.0495108;0.0500316
8971;0.0494928;0.0499758
8981;0.0494748;0.0499573
8991;0.0494198;0.0499017
9001;0.049476;0.0498834
9011;0.0494581;0.049902
9021;0.0494032;0.0498836
9031;0.0494224;0.0498284
9041;0.0494414;0.0498839
9051;0.0494236;0.0499392
9061;0.0493691;0.0499209
9071;0.0493514;0.0499394
9081;0.0493705;0.0499211
9091;0.0493162;0.0499028
9101;0.0493719;0.049848
9111;0.0493908;0.0497933
9121;0.0494098;0.0498118
9131;0.0494652;0.0498302
9141;0.0495205;0.0497757
9151;0.0494664;0.0497213
9161;0.0494124;0.0496671
9171;0.0493585;0.0497219
9181;0.0494136;0.0497404
9191;0.0493961;0.0497951
9201;0.0494874;0.0498859
9211;0.0494336;0.0498317
9221;0.04938;0.04985
9231;0.0495071;0.0499404
9241;0.0495257;0.0499224
9251;0.0495442;0.0499045
9261;0.0495627;0.0499946
9271;0.0495092;0.0500126
9281;0.0494918;0.0499946
9291;0.0495103;0.0499767
9301;0.0494929;0.0499588
9311;0.0495113;0.0499767
9321;0.049494;0.0499946
9331;0.0494409;0.0500482
9341;0.0494594;0.0500303
9351;0.0494065;0.0500125
9361;0.0493537;0.0500659
9371;0.049301;0.0500836
9381;0.0493551;0.0500657
9391;0.049338;0.0500834
9401;0.0494274;0.0500656
9411;0.0493748;0.0501187
9421;0.0494286;0.0501362
9431;0.0494115;0.0501184
9441;0.0493945;0.0501006
9451;0.0493422;0.0500829
9461;0.0492901;0.0500652
9471;0.0493084;0.0500827
9481;0.0492916;0.0500299
9491;0.049345;0.0500474
9501;0.0493632;0.0500298
9511;0.0493464;0.0500473
9521;0.0493646;0.0500998
9531;0.0493827;0.0500822
9541;0.0493659;0.0500646
9551;0.0493491;0.0500471
9561;0.0493324;0.0500645
9571;0.0492808;0.0500122
9581;0.0492294;0.0499948
9591;0.0492476;0.0499774
9601;0.049231;0.0499601
9611;0.0492144;0.0500468
9621;0.0492672;0.0500987
9631;0.0492507;0.0500813
9641;0.0491996;0.0500985
9651;0.0492868;0.0500812
9661;0.0492358;0.0500983
9671;0.0492538;0.0501155
9681;0.0492373;0.0501326
9691;0.0491865;0.0501496
9701;0.0491358;0.0500979
9711;0.0491539;0.0500807
9721;0.0491719;0.0500634
9731;0.0491556;0.0500805
9741;0.0491736;0.0500633
9751;0.0491915;0.050012
9761;0.0492094;0.0499949
9771;0.0491932;0.0500119
9781;0.0492451;0.0499608
9791;0.0492629;0.0499098
9801;0.0492807;0.0499269
9811;0.0492644;0.04991
9821;0.0492482;0.049927
9831;0.0493337;0.0499441
9841;0.0494191;0.0499272
9851;0.0494366;0.049978
9861;0.0493865;0.0500625
9871;0.0493702;0.0500118
9881;0.0493877;0.0499612
9891;0.0493378;0.0499444
9901;0.049389;0.0499276
9911;0.04944;0.0499109
9921;0.0494574;0.0500286
9931;0.0494747;0.0500789
9941;0.0494249;0.0501291
9951;0.0494758;0.0501122
9961;0.0494261;0.0500954
9971;0.04941;0.0500451
9981;0.0493938;0.0500284
9991;0.0494111;0.0500117
10001;0.0494284;0.049995
10011;0.049379;0.0499784
10021;0.0493963;0.0500283
10031;0.0494799;0.0499784
10041;0.0494639;0.049995
10051;0.0494478;0.0499784
10061;0.0494318;0.049995
10071;0.0494158;0.0499785
10081;0.0493999;0.049962
10091;0.0493509;0.0500446
10101;0.049335;0.049995
10111;0.0493522;0.0499786
10121;0.0493693;0.0499621
10131;0.0493535;0.0499786
10141;0.0493705;0.0500279
10151;0.0493876;0.0500443
10161;0.0494374;0.0500607
10171;0.0493888;0.0500442
10181;0.0494058;0.050126
10191;0.0495208;0.0501096
10201;0.049505;0.0500605
10211;0.0494565;0.050142
10221;0.0494081;0.0500929
10231;0.0494901;0.050044
10241;0.0494743;0.0500277
10251;0.0495236;0.0500114
10261;0.0495403;0.0499951
10271;0.0495246;0.0500438
10281;0.0495736;0.0500276
10291;0.0495579;0.0500437
10301;0.0496068;0.0500922
10311;0.0496234;0.0501406
10321;0.0495753;0.0501566
10331;0.0496241;0.0501081
10341;0.0495761;0.0501241
10351;0.0496248;0.0501079
10361;0.0496413;0.0500917
10371;0.0495934;0.0500434
10381;0.049642;0.0501236
10391;0.0496584;0.0500754
10401;0.0496747;0.0500593
10411;0.0497231;0.0500432
10421;0.0497393;0.0500592
10431;0.0496916;0.0500751
10441;0.049644;0.0500591
10451;0.0496284;0.0500431
10461;0.049581;0.0499952
10471;0.0496291;0.050043
10481;0.0496136;0.0499952
10491;0.0495663;0.0499476
10501;0.0495826;0.0499318
10511;0.0495354;0.0500111
10521;0.0495517;0.0500586
10531;0.0495046;0.0500111
10541;0.0495209;0.0500269
10551;0.0495056;0.0500427
10561;0.0494903;0.0500584
10571;0.049475;0.0500741
10581;0.0494597;0.0500583
10591;0.0494445;0.050011
10601;0.0494607;0.0500267
10611;0.0495084;0.0500424
10621;0.0494931;0.0500581
10631;0.0495093;0.0500737
10641;0.0495881;0.0500266
10651;0.0495728;0.050011
10661;0.0495888;0.0499953
10671;0.0495424;0.0500109
10681;0.0495896;0.0500889
10691;0.0496368;0.0500733
10701;0.0496838;0.0500576
10711;0.0497308;0.0500731
10721;0.0497777;0.0500886
10731;0.0497624;0.050073
10741;0.0497471;0.0500884
10751;0.0497318;0.0501349
10761;0.0497475;0.0500883
10771;0.0497014;0.0501346
10781;0.0497171;0.05015
10791;0.0497637;0.050227
10801;0.0498411;0.0502423
10811;0.0498566;0.0502266
10821;0.0498414;0.0501802
10831;0.0498569;0.0501954
10841;0.0498416;0.0501491
10851;0.0497957;0.0501951
10861;0.0498419;0.0501795
10871;0.0498574;0.0501334
10881;0.0498729;0.0501179
10891;0.0498271;0.0501025
10901;0.0498119;0.0500872
10911;0.0498274;0.0501329
10921;0.0498123;0.050148
10931;0.0498582;0.0501022
10941;0.0498431;0.0501173
10951;0.0498889;0.050102
10961;0.0499042;0.0501475
10971;0.0499499;0.0501322
10981;0.0500562;0.0500865
10991;0.0500409;0.0501016
11001;0.0499955;0.0500561
11011;0.0499501;0.0501317
11021;0.0499955;0.0500862
11031;0.0499804;0.0501314
11041;0.0499955;0.0501464
11051;0.0499804;0.050101
11061;0.0499955;0.0500859
11071;0.0499503;0.0500708
11081;0.0499353;0.0500256
11091;0.0499504;0.0500105
11101;0.0499655;0.0500556
11111;0.0499205;0.0500105
11121;0.0498756;0.0500255
11131;0.0498607;0.0500105
11141;0.0499058;0.0500554
11151;0.0500105;0.0500404
11161;0.0499657;0.0500254
11171;0.0500104;0.0500403
11181;0.0500253;0.0500552
11191;0.0500998;0.05007
11201;0.0500848;0.0500253
11211;0.0500401;0.0500401
11221;0.0500847;0.050055
11231;0.0500401;0.0500994
11241;0.0500252;0.0500845
11251;0.0500696;0.05004
11261;0.0500252;0.0500252
11271;0.0500104;0.0500399
11281;0.0499956;0.0499956
11291;0.0500103;0.0500103
11301;0.0499956;0.0501136
11311;0.0500693;0.0501577
11321;0.050025;0.0501428
11331;0.0500397;0.0501574
11341;0.0499956;0.0502013
11351;0.0500103;0.0502452
11361;0.0500249;0.0502303
11371;0.0500103;0.0502155
11381;0.0501128;0.0502006
11391;0.050098;0.0501858
11401;0.0501126;0.050171
11411;0.0501271;0.0501563
11421;0.0501999;0.0501124
11431;0.050156;0.0501852
11441;0.0501996;0.0501996
11451;0.0501848;0.0502722
11461;0.0501992;0.0502574
11471;0.0501555;0.0503008
11481;0.0501698;0.050315
11491;0.0502712;0.0503002
11501;0.0503145;0.0503145
11511;0.0502997;0.0503576
11521;0.050285;0.0503718
11531;0.0502414;0.0503859
11541;0.0502267;0.0503711
11551;0.050241;0.0503852
11561;0.0502552;0.0503705
11571;0.0502405;0.0503846
11581;0.0501972;0.0503986
11591;0.0501539;0.0505277
11601;0.0501106;0.0505416
11611;0.0500962;0.0505268
11621;0.0500531;0.050512
11631;0.0500674;0.0504972
11641;0.0500243;0.0505111
11651;0.05001;0.0505536
11661;0.0499957;0.0505674
11671;0.0499814;0.0505527
11681;0.0499957;0.0505664
11691;0.0500385;0.0505517
11701;0.0499957;0.050537
11711;0.0499815;0.0504938
11721;0.0500242;0.0504792
11731;0.0500099;0.0504646
11741;0.0499673;0.0504216
11751;0.0499248;0.0504354
11761;0.0499107;0.0504492
11771;0.0499533;0.050463
11781;0.0499392;0.0504202
11791;0.0499534;0.0504057
11801;0.0499675;0.050363
11811;0.0500099;0.0503485
11821;0.050024;0.050306
11831;0.050038;0.0502634
11841;0.0500802;0.0502491
11851;0.050038;0.0502067
11861;0.050052;0.0501644
11871;0.0500098;0.0502625
11881;0.0500238;0.0502202
11891;0.0500378;0.0502341
11901;0.0501078;0.0502759
11911;0.0501217;0.0502617
11921;0.0501636;0.0502475
11931;0.0501495;0.0502053
11941;0.0501075;0.0502191
11951;0.0501213;0.050205
11961;0.0501352;0.0501909
11971;0.0500933;0.0501768
11981;0.0500793;0.0501628
11991;0.0500931;0.0502043
12001;0.0501347;0.0501903
12011;0.050093;0.0501485
12021;0.0501068;0.0501345
12031;0.0500928;0.0501759
12041;0.0501343;0.0502173
12051;0.0501756;0.0501756
12061;0.0501893;0.0501617
12071;0.0501754;0.0501754
12081;0.0501614;0.0501614
12091;0.0502302;0.0501475
12101;0.0502438;0.0501611
12111;0.0502573;0.0501472
12121;0.0502709;0.0501609
12131;0.0502569;0.050147
12141;0.0503253;0.0501332
12151;0.0503662;0.0501193
12161;0.0503796;0.0501329
12171;0.050393;0.0501465
12181;0.050379;0.0501327
12191;0.050365;0.0501463
12201;0.0503511;0.0501052
12211;0.0503371;0.0501187
12221;0.0503505;0.050105
12231;0.0503366;0.0502003
12241;0.0503227;0.050241
12251;0.0503088;0.0502544
12261;0.0502678;0.0502406
12271;0.0503083;0.0503083
12281;0.0503216;0.0502674
12291;0.0503349;0.0502807
12301;0.050294;0.0502398
12311;0.0502802;0.0502802
12321;0.0502394;0.0502935
12331;0.0501987;0.0502798
12341;0.050239;0.0502931
12351;0.0502254;0.0503063
12361;0.0502387;0.0503196
12371;0.0502519;0.0503058
12381;0.0502921;0.0502652
12391;0.0502784;0.0502515
12401;0.0502916;0.0502916
12411;0.0503048;0.0503317
12421;0.0502912;0.0502912
12431;0.0502507;0.0502775
12441;0.0502907;0.0502639
12451;0.0503039;0.0502235
12461;0.0503437;0.0501832
12471;0.0503301;0.0501965
12481;0.0503165;0.0502097
12491;0.0503029;0.0502228
12501;0.0502893;0.0502093
12511;0.0503024;0.0501958
12521;0.0502622;0.0502622
12531;0.0502487;0.0502487
12541;0.0502352;0.0502087
12551;0.0502483;0.0502218
12561;0.0502614;0.0501818
12571;0.050301;0.0501419
12581;0.0502875;0.050155
12591;0.0503005;0.0501416
12601;0.0502606;0.0501547
12611;0.0503264;0.0502471
12621;0.0503658;0.0502866
12631;0.0503523;0.0502467
12641;0.0503388;0.0502334
12651;0.0503254;0.0501937
12661;0.0502857;0.050154
12671;0.050246;0.0501407
12681;0.0502063;0.0501275
12691;0.0502193;0.0501143
12701;0.050206;0.0501273
12711;0.0501927;0.0501141
12721;0.0501795;0.0501271
12731;0.0501663;0.0501139
12741;0.0502054;0.0502315
12751;0.050166;0.0501921
12761;0.0501789;0.0501789
12771;0.0501918;0.0501918
12781;0.0502308;0.0501526
12791;0.0502176;0.0501655
12801;0.0502305;0.0501523
12811;0.0502693;0.0501652
12821;0.0502561;0.0501781
12831;0.0502429;0.0501909
12841;0.0502557;0.0502297
12851;0.0502685;0.0501906
12861;0.0502553;0.0502294
12871;0.050268;0.0501904
12881;0.0502549;0.0501773
12891;0.0503452;0.0501383
12901;0.0503579;0.0502028
12911;0.0503447;0.0501898
12921;0.0503315;0.0501767
12931;0.0502926;0.0501379
12941;0.0502795;0.0501249
12951;0.0502407;0.0500862
12961;0.050279;0.050099
12971;0.050266;0.0500861
12981;0.05033;0.0501502
12991;0.0503425;0.0501373
13001;0.0503551;0.0501243
13011;0.0503676;0.0500858
13021;0.0503546;0.0501242
13031;0.0503671;0.0501113
13041;0.050354;0.0501495
13051;0.0503665;0.0501366
13061;0.0504045;0.0501238
13071;0.0503915;0.0501364
13081;0.0503784;0.0501491
13091;0.0503654;0.0501871
13101;0.0503778;0.0501743
13111;0.0503903;0.0502123
13121;0.0503773;0.0502502
13131;0.0503643;0.0502374
13141;0.0503513;0.0502245
13151;0.0503637;0.0502116
13161;0.0503761;0.0501988
13171;0.0504138;0.0502113
13181;0.0505273;0.0501732
13191;0.050489;0.0501605
13201;0.050476;0.0501225
13211;0.050463;0.0501602
13221;0.0504753;0.0501223
13231;0.0504875;0.05016
13241;0.0504997;0.0501724
13251;0.0504616;0.0502352
13261;0.0504487;0.0502225
13271;0.0504358;0.0501846
13281;0.0504731;0.050197
13291;0.0504602;0.0501593
13301;0.0504223;0.0501466
13311;0.0503844;0.050159
13321;0.0503716;0.0501214
13331;0.0503838;0.0501088
13341;0.050396;0.0500962
13351;0.0504581;0.0500587
13361;0.0504453;0.0500212
13371;0.0504076;0.0500087
13381;0.0503948;0.0499963
13391;0.0503572;0.0500087
13401;0.0503196;0.050046
13411;0.050307;0.0500833
13421;0.050344;0.0501453
13431;0.0503561;0.0501576
13441;0.0503683;0.0501203
13451;0.0503556;0.0501078
13461;0.0504173;0.0500706
13471;0.0504046;0.0500581
13481;0.0503672;0.0501447
13491;0.0503298;0.0502063
13501;0.0503173;0.0501938
13511;0.0503047;0.0502307
13521;0.0502921;0.0502675
13531;0.0503289;0.0502303
13541;0.0503163;0.0501932
13551;0.0503038;0.0501562
13561;0.0503159;0.0501684
13571;0.0503033;0.0501314
13581;0.0502663;0.0501681
13591;0.0502784;0.0501803
13601;0.0502659;0.0501924
13611;0.0502535;0.050229
13621;0.0502411;0.0502166
13631;0.0502042;0.0501797
13641;0.0502896;0.0501918
13651;0.050326;0.0501795
13661;0.0503135;0.0501915
13671;0.0503255;0.0501792
13681;0.0503131;0.0501425
13691;0.0503007;0.0501546
13701;0.0503126;0.050118
13711;0.0503246;0.0500814
13721;0.0503365;0.0500935
13731;0.0503484;0.0501056
13741;0.0503845;0.0501177
13751;0.0503721;0.0500812
13761;0.0503839;0.050069
13771;0.0503474;0.0500327
13781;0.0503592;0.0500206
13791;0.050371;0.0499843
13801;0.0503587;0.0499481
13811;0.0503463;0.049936
13821;0.0503823;0.049924
13831;0.0503458;0.0499361
13841;0.0503576;0.0499241
13851;0.0503694;0.0499122
13861;0.0504052;0.0499723
13871;0.0503929;0.0499363
13881;0.0503566;0.0499484
13891;0.0503204;0.0499364
13901;0.050404;0.0499484
13911;0.0503918;0.0499605
13921;0.0503556;0.0499485
13931;0.0503434;0.0499127
13941;0.0503551;0.0499486
13951;0.0503668;0.0499128
13961;0.0503784;0.0499009
13971;0.0503662;0.0498652
13981;0.0503541;0.0499011
13991;0.0503419;0.0498892
14001;0.0503059;0.0498536
14011;0.0503176;0.0498418
14021;0.050353;0.0498538
14031;0.0503172;0.049842
14041;0.0503051;0.0498777
14051;0.0502693;0.049866
14061;0.0502572;0.0499253
14071;0.0502926;0.0499372
14081;0.0502568;0.0499491
14091;0.0502448;0.049961
14101;0.0502565;0.0499255
14111;0.0502209;0.0499138
14121;0.0502089;0.0499256
14131;0.0502206;0.0498903
14141;0.0502086;0.0499022
14151;0.0501731;0.0498905
14161;0.0502083;0.0499023
14171;0.050267;0.0498906
14181;0.0502785;0.0498789
14191;0.0502666;0.0498908
14201;0.0502547;0.0498556
14211;0.0502662;0.0498909
14221;0.0502543;0.0498793
14231;0.050219;0.0498677
14241;0.050254;0.0499263
14251;0.0502655;0.0499614
14261;0.0502536;0.0499731
14271;0.0502651;0.0500315
14281;0.0502299;0.0500432
14291;0.0502181;0.0500548
14301;0.0502296;0.0500431
14311;0.0502411;0.0500547
14321;0.0502293;0.0500663
14331;0.0502175;0.0500547
14341;0.0502289;0.050043
14351;0.0501939;0.050101
14361;0.0501822;0.0501126
14371;0.0501705;0.0501241
14381;0.050182;0.0501124
14391;0.0502166;0.0500776
14401;0.050228;0.050066
14411;0.0501931;0.0500544
14421;0.0502508;0.0500197
14431;0.0502391;0.0500312
14441;0.0502504;0.0500427
14451;0.0502849;0.0500081
14461;0.0503192;0.0499965
14471;0.0503075;0.0500081
14481;0.0503648;0.0499965
14491;0.0503761;0.0499851
14501;0.0503643;0.0499965
14511;0.0503756;0.050008
14521;0.0503638;0.0499966
14531;0.0503521;0.050008
14541;0.0503404;0.0500195
14551;0.0503058;0.050008
14561;0.0502713;0.0499966
14571;0.0502825;0.050008
14581;0.0503395;0.0500194
14591;0.0503278;0.050008
14601;0.0503162;0.0500651
14611;0.0502818;0.0500764
14621;0.0502474;0.0501106
14631;0.0502814;0.0500763
14641;0.0502698;0.0500649
14651;0.0503037;0.0500762
14661;0.0503149;0.0500875
14671;0.0503033;0.0500761
14681;0.0503145;0.0500874
14691;0.0503029;0.0501214
14701;0.0502914;0.0501326
14711;0.0502572;0.0501212
14721;0.050223;0.0500872
14731;0.0502342;0.0500758
14741;0.0502227;0.0500644
14751;0.0502339;0.0500757
14761;0.0502224;0.0500869
14771;0.0502336;0.0500982
14781;0.0502221;0.0500643
14791;0.0502107;0.050053
14801;0.0501993;0.0500417
14811;0.0501879;0.0500529
14821;0.0501541;0.0500416
14831;0.0501877;0.0500303
14841;0.0501539;0.0500416
14851;0.0501425;0.0500752
14861;0.0501761;0.0500639
14871;0.0501648;0.0500751
14881;0.050131;0.0501086
14891;0.0501421;0.0500974
14901;0.0501085;0.0500638
14911;0.050142;0.0500749
14921;0.0501084;0.0500413
14931;0.0500971;0.0500525
14941;0.0501082;0.0500859
14951;0.050097;0.0500747
14961;0.0500635;0.0500412
14971;0.0500523;0.0500078
14981;0.0500634;0.0499967
14991;0.0500522;0.0500078
15001;0.0500856;0.0500411
15011;0.0500744;0.05003
15021;0.0500411;0.0500189
15031;0.0500521;0.0500078
15041;0.0500188;0.0500632
15051;0.0500077;0.0500742
15061;0.0499745;0.0500852
15071;0.0499635;0.0500741
15081;0.0499304;0.0500409
15091;0.0499194;0.0500077
15101;0.0499305;0.0499967
15111;0.0498974;0.0499857
15121;0.0499306;0.0499526
15131;0.0499416;0.0499416
15141;0.0499307;0.0499086
15151;0.0498977;0.0498757
15161;0.0499307;0.0498648
15171;0.0499198;0.0499198
15181;0.0498869;0.0498869
15191;0.049876;0.0498541
15201;0.0498432;0.0498432
15211;0.0498543;0.0498104
15221;0.0498215;0.0497996
15231;0.0498107;0.0497669
15241;0.049778;0.0497343
15251;0.0498109;0.0497235
15261;0.049822;0.0497565
15271;0.0498112;0.0497894
15281;0.0497786;0.0497568
15291;0.049746;0.0497678
15301;0.0497353;0.0497353
15311;0.0497246;0.0497246
15321;0.0497792;0.0497139
15331;0.0497902;0.0497032
15341;0.0498229;0.0496925
15351;0.0498339;0.0497253
15361;0.0498014;0.0497363
15371;0.0498124;0.049704
15381;0.0498017;0.0496933
15391;0.0497693;0.049726
15401;0.049737;0.0497154
15411;0.0497264;0.0496831
15421;0.0497374;0.0496725
15431;0.0497699;0.0497483
15441;0.0498241;0.0497161
15451;0.0497918;0.0496839
15461;0.0497596;0.0497165
15471;0.0497274;0.0496844
15481;0.0496953;0.0496738
15491;0.0497063;0.0496632
15501;0.0496957;0.0496527
15511;0.0496852;0.0496637
15521;0.0496532;0.0496746
15531;0.0496426;0.049707
15541;0.0496536;0.049718
15551;0.0496217;0.049686
15561;0.0496112;0.0496755
15571;0.0496222;0.0496864
15581;0.0496117;0.0496545
15591;0.0496654;0.0496868
15601;0.0496336;0.0496977
15611;0.0496018;0.0497085
15621;0.049634;0.0496981
15631;0.0496449;0.0497302
15641;0.0496558;0.0497198
15651;0.0496667;0.0497306
15661;0.0497414;0.0497414
15671;0.0497522;0.0497309
15681;0.049763;0.0496992
15691;0.0497738;0.0496675
15701;0.0497421;0.0496359
15711;0.0497316;0.049668
15721;0.0497212;0.0496788
15731;0.0497108;0.0496896
15741;0.0497215;0.0497215
15751;0.04969;0.04969
15761;0.0497007;0.0497007
15771;0.0497115;0.0496904
15781;0.0497011;0.0497011
15791;0.0497119;0.049733
15801;0.0497226;0.0497226
15811;0.0497122;0.0497122
15821;0.0496808;0.049744
15831;0.0497126;0.0497336
15841;0.0497443;0.0497443
15851;0.049755;0.049734
15861;0.0497657;0.0497026
15871;0.0497553;0.0496923
15881;0.049787;0.049724
15891;0.0497766;0.0496927
15901;0.0498082;0.0496824
15911;0.0498397;0.0496721
15921;0.0498294;0.0497037
15931;0.049819;0.0497353
15941;0.0498296;0.049725
15951;0.049861;0.0497357
15961;0.0498507;0.0497254
15971;0.0498821;0.0497151
15981;0.0498717;0.0497049
15991;0.0498614;0.0497155
16001;0.0498302;0.0497886
16011;0.0497991;0.0497991
16021;0.049768;0.0498512
16031;0.049737;0.0498201
16041;0.049706;0.0498099
16051;0.0497165;0.0497996
16061;0.0497271;0.0497686
16071;0.0497169;0.0497998
16081;0.0497481;0.0498103
16091;0.0497172;0.0498208
16101;0.0497071;0.0498313
16111;0.0497383;0.0498624
16121;0.0497488;0.0498935
16131;0.0497386;0.0499039
16141;0.0497284;0.0498936
16151;0.0496976;0.0498834
16161;0.0496875;0.0498938
16171;0.0496568;0.0499042
16181;0.0496673;0.0499145
16191;0.0496778;0.0499249
16201;0.0497089;0.049894
16211;0.0497193;0.0498838
16221;0.0497709;0.0498531
16231;0.0497607;0.0498634
16241;0.0497506;0.0498533
16251;0.0497815;0.0498431
16261;0.0497714;0.0498124
16271;0.0497613;0.0497818
16281;0.0497512;0.0497717
16291;0.0497412;0.0498025
16301;0.0497515;0.0498333
16311;0.049721;0.0498028
16321;0.049711;0.0497927
16331;0.0497214;0.0498234
16341;0.0497114;0.049793
16351;0.0497013;0.0497829
16361;0.0496913;0.0497932
16371;0.0496813;0.0498442
16381;0.049651;0.0498748
16391;0.0496411;0.0498444
16401;0.0496514;0.0498344
16411;0.0496618;0.0498446
16421;0.0496316;0.0498346
16431;0.0496622;0.0498245
16441;0.0496928;0.0498753
16451;0.0496626;0.0498855
16461;0.049673;0.0498755
16471;0.049663;0.0498452
16481;0.0497138;0.0499363
16491;0.0497039;0.0499262
16501;0.0496738;0.049896
16511;0.0496639;0.0499263
16521;0.049654;0.0499163
16531;0.0496844;0.0499062
16541;0.0496745;0.0499164
16551;0.0496647;0.0499466
16561;0.0496548;0.0499567
16571;0.0496651;0.0499266
16581;0.0496753;0.0499367
16591;0.0496655;0.0499668
16601;0.0496757;0.0499367
16611;0.0496659;0.0499468
16621;0.0496761;0.0499368
16631;0.0496462;0.049987
16641;0.0496765;0.049977
16651;0.0496467;0.049967
16661;0.0496569;0.049977
16671;0.0496471;0.050007
16681;0.0496173;0.0500569
16691;0.0496076;0.050027
16701;0.0496178;0.0500369
16711;0.0495881;0.0500668
16721;0.0495784;0.0500568
16731;0.0495687;0.0500867
16741;0.0495789;0.0501165
16751;0.0495493;0.0501264
16761;0.0495197;0.0500965
16771;0.0495101;0.0500666
16781;0.0494806;0.0500566
16791;0.0494709;0.0500665
16801;0.0494613;0.0500367
16811;0.0494716;0.0500466
16821;0.049462;0.0500961
16831;0.049492;0.0500663
16841;0.0494626;0.0501158
16851;0.049453;0.0501454
16861;0.0494435;0.0501354
16871;0.0494339;0.0501255
16881;0.0494441;0.0501155
16891;0.0494543;0.0500858
16901;0.0494842;0.0500759
16911;0.049455;0.0500857
16921;0.0494455;0.0501546
16931;0.0494556;0.0501644
16941;0.0494658;0.0501741
16951;0.0494759;0.0501642
16961;0.0494664;0.0501543
16971;0.0494766;0.050164
16981;0.0494867;0.0501737
16991;0.0494576;0.0502227
17001;0.0494285;0.0501931
17011;0.0494386;0.0501636
17021;0.0494487;0.0501929
17031;0.0494393;0.0501634
17041;0.0494494;0.0501731
17051;0.0494204;0.0501828
17061;0.0494109;0.0501729
17071;0.0494406;0.0501826
17081;0.0494311;0.0501922
17091;0.0494412;0.0502019
17101;0.0494318;0.0501725
17111;0.0494224;0.0502211
17121;0.0494519;0.0501918
17131;0.0494231;0.0501625
17141;0.0494526;0.0501527
17151;0.0494432;0.0501623
17161;0.0494532;0.0501525
17171;0.0494632;0.0501233
17181;0.0494927;0.0501135
17191;0.0494639;0.0501425
17201;0.0494351;0.0501134
17211;0.0494451;0.0501424
17221;0.0494551;0.0501326
17231;0.0494651;0.0501228
17241;0.0494364;0.0501131
17251;0.0494464;0.0501034
17261;0.0494371;0.0501516
17271;0.0494278;0.0501998
17281;0.0494184;0.05019
17291;0.0494284;0.0502188
17301;0.0494384;0.0501898
17311;0.0494483;0.0502186
17321;0.0494198;0.0501896
17331;0.0494105;0.0501991
17341;0.0494397;0.0501701
17351;0.0494304;0.0501412
17361;0.0494595;0.0501315
17371;0.0494694;0.050141
17381;0.049441;0.0501505
17391;0.0494509;0.0501217
17401;0.0494225;0.0501312
17411;0.0494132;0.0501407
17421;0.049404;0.0501885
17431;0.0493756;0.050217
17441;0.0493855;0.0501883
17451;0.0493764;0.0502168
17461;0.0493481;0.050188
17471;0.049358;0.0502165
17481;0.0493679;0.0502069
17491;0.0493587;0.0502163
17501;0.0493305;0.0502067
17511;0.0493214;0.0502161
17521;0.0492932;0.0501874
17531;0.0492651;0.0502158
17541;0.049332;0.0502252
17551;0.0493609;0.0502346
17561;0.0493708;0.0502249
17571;0.0494185;0.0502343
17581;0.0494094;0.0502057
17591;0.0494003;0.0501772
17601;0.0493722;0.0501487
17611;0.0494009;0.0501202
17621;0.0493918;0.0501107
17631;0.0493638;0.0501011
17641;0.0493736;0.0500916
17651;0.0493645;0.0500821
17661;0.0494121;0.0501293
17671;0.049403;0.0501386
17681;0.0494316;0.0501668
17691;0.0494037;0.0502139
17701;0.0493946;0.0502231
17711;0.0493667;0.0502701
17721;0.0493576;0.0502793
17731;0.0493674;0.0503074
17741;0.0493396;0.050279
17751;0.0493493;0.0502507
17761;0.0493403;0.0502412
17771;0.0493313;0.0502692
17781;0.0493223;0.0502596
17791;0.0492946;0.0502501
17801;0.0492856;0.0502781
17811;0.0492767;0.0502873
17821;0.0492864;0.0502965
17831;0.0493336;0.0503056
17841;0.0493433;0.0503148
17851;0.0493903;0.050324
17861;0.0493813;0.0503145
17871;0.049391;0.0502863
17881;0.0494007;0.0502768
17891;0.0493917;0.0502674
17901;0.0494013;0.0502579
17911;0.0493924;0.0502671
17921;0.0493648;0.0502576
17931;0.0493373;0.0503039
17941;0.0493098;0.0502759
17951;0.0493194;0.0503036
17961;0.0493477;0.0503684
17971;0.0493388;0.0503589
17981;0.0493484;0.0503494
17991;0.049321;0.05034
18001;0.0493491;0.0503491
18011;0.0493587;0.0503211
18021;0.0493313;0.0503302
18031;0.0493225;0.0503023
18041;0.049406;0.0503113
18051;0.0493971;0.0503389
18061;0.0494066;0.0503663
18071;0.0494162;0.0503754
18081;0.0494257;0.0503659
18091;0.0494353;0.0503381
18101;0.0494264;0.0503103
18111;0.0494543;0.0504114
18121;0.0494454;0.0503835
18131;0.0494365;0.0503741
18141;0.0494644;0.0503831
18151;0.0494555;0.0503921
18161;0.0494466;0.050401
18171;0.0494377;0.0504467
18181;0.0494656;0.0504373
18191;0.049475;0.0504462
18201;0.0494845;0.0504551
18211;0.0494573;0.050464
18221;0.0495216;0.0504729
18231;0.049531;0.0504635
18241;0.0495404;0.0504541
18251;0.0495315;0.0504265
18261;0.0495409;0.0504171
18271;0.0495685;0.0503895
18281;0.0495597;0.0503619
18291;0.049569;0.0503526
18301;0.0495601;0.0503251
18311;0.0495331;0.0503704
18321;0.0495242;0.0503793
18331;0.0495336;0.05037
18341;0.0495066;0.0503789
18351;0.0494796;0.0504241
18361;0.0494708;0.0504148
18371;0.049462;0.0503874
18381;0.0494532;0.0503962
18391;0.0494445;0.0504051
18401;0.0494719;0.050432
18411;0.0494632;0.0504046
18421;0.0494544;0.0504135
18431;0.0494638;0.0504223
18441;0.049455;0.050413
18451;0.0494463;0.0503857
18461;0.0495098;0.0504668
18471;0.049483;0.0504755
18481;0.0494742;0.0504662
18491;0.0494835;0.050493
18501;0.0494748;0.0505018
18511;0.0494661;0.0504925
18521;0.0494934;0.0504652
18531;0.0494846;0.050456
18541;0.0494759;0.0504647
18551;0.0494852;0.0504914
18561;0.0495304;0.0504822
18571;0.0495217;0.0504909
18581;0.0495129;0.0504996
18591;0.0495042;0.0505083
18601;0.0494955;0.050517
18611;0.0494869;0.0505436
18621;0.0494782;0.0505522
18631;0.0494874;0.050543
18641;0.0494787;0.0505338
18651;0.0494522;0.0505245
18661;0.0494257;0.0505332
18671;0.0494171;0.050524
18681;0.0494085;0.0504969
18691;0.0494356;0.0505413
18701;0.0494626;0.0505142
18711;0.0494896;0.0505407
18721;0.0494988;0.0505137
18731;0.0494902;0.0505223
18741;0.0494637;0.0506199
18751;0.0494907;0.0506462
18761;0.0494821;0.0506547
18771;0.0494912;0.0506455
18781;0.0495181;0.050654
18791;0.0495627;0.0506271
18801;0.0495541;0.0506179
18811;0.0495455;0.0506264
18821;0.0495192;0.0505995
18831;0.0495106;0.0505726
18841;0.049502;0.0505989
18851;0.0494934;0.0506074
18861;0.0494848;0.0506159
18871;0.0494763;0.0506067
18881;0.0494501;0.0506329
18891;0.0494415;0.0506061
18901;0.0495212;0.050597
18911;0.049495;0.0506055
18921;0.0494865;0.0505963
18931;0.0494779;0.0505872
18941;0.049487;0.0505781
18951;0.0494609;0.050569
18961;0.0494524;0.0505599
18971;0.0494439;0.050586
18981;0.0494705;0.0506296
18991;0.0494971;0.0506205
19001;0.0494711;0.0506289
19011;0.0494626;0.0506198
19021;0.0494541;0.0506458
19031;0.0494982;0.0506367
19041;0.0495072;0.0506101
19051;0.0494812;0.050601
19061;0.0494727;0.0506094
19071;0.0494992;0.0505829
19081;0.0494908;0.0505913
19091;0.0494648;0.0505648
19101;0.0494739;0.0505384
19111;0.0495003;0.0505642
19121;0.0494918;0.0505727
19131;0.049466;0.0505462
19141;0.0494924;0.0505372
19151;0.0495187;0.0505283
19161;0.0495277;0.0505193
19171;0.0495019;0.0505103
19181;0.049476;0.0505187
19191;0.049485;0.0505272
19201;0.0495113;0.0505008
19211;0.0495029;0.0505093
19221;0.0494945;0.0505003
19231;0.0495034;0.0504914
19241;0.0494777;0.0504998
19251;0.049452;0.0505082
19261;0.0494263;0.050482
19271;0.0494353;0.0504731
19281;0.0494096;0.0504815
19291;0.0494358;0.0504899
19301;0.0494102;0.0504982
19311;0.0494019;0.0504894
19321;0.0493936;0.0504632
19331;0.0494025;0.0504889
19341;0.0494287;0.05048
19351;0.0494031;0.0504711
19361;0.0494293;0.0504623
19371;0.0494898;0.0505223
19381;0.0494815;0.0505306
19391;0.0494731;0.0505561
19401;0.0494992;0.0505816
19411;0.049508;0.0506414
19421;0.0494997;0.0506496
19431;0.0494914;0.0506407
19441;0.049483;0.0506318
19451;0.0494576;0.0506401
19461;0.0494665;0.0506654
19471;0.0494753;0.0506736
19481;0.0494841;0.0507161
19491;0.0494929;0.0507243
19501;0.0495017;0.0507324
19511;0.0494764;0.0507064
19521;0.049451;0.0507317
19531;0.0494598;0.0507569
19541;0.0494516;0.0507309
19551;0.0494604;0.0507561
19561;0.0495203;0.0507472
19571;0.0495291;0.0507554
19581;0.0495378;0.0507294
19591;0.0495636;0.0507376
19601;0.0495553;0.0507117
19611;0.049581;0.0507028
19621;0.0495897;0.050677
19631;0.0495645;0.0506851
19641;0.0495732;0.0506933
19651;0.0495649;0.0507014
19661;0.0495567;0.0507265
19671;0.0495484;0.0507007
19681;0.0495571;0.0506749
19691;0.0495489;0.0506661
19701;0.0495237;0.0506573
19711;0.0495324;0.0507162
19721;0.0495411;0.0506905
19731;0.0495498;0.0506817
19741;0.0495247;0.0506729
19751;0.0495502;0.0506472
19761;0.0495926;0.0506722
19771;0.0496013;0.050714
19781;0.0496099;0.0507052
19791;0.0496522;0.0506964
19801;0.0496608;0.0507045
19811;0.0496357;0.0507126
19821;0.0496443;0.0507711
19831;0.0496529;0.0507791
19841;0.0496615;0.0507535
19851;0.0497036;0.0507447
19861;0.0496954;0.050736
19871;0.0497039;0.0507272
19881;0.0496789;0.0507352
19891;0.0496539;0.0507265
19901;0.0496457;0.0507177
19911;0.0496376;0.0506922
19921;0.0496461;0.0506835
19931;0.0496212;0.0506748
19941;0.0496297;0.050733
19951;0.0496383;0.0507243
19961;0.0496635;0.0507323
19971;0.049672;0.0507235
19981;0.0496638;0.0507315
19991;0.0496724;0.0507061
